ip: 250.50.5.12527
mask: 255.255.255.224 -> 11111111.11111111.11111111.11100000
BD: 250.50.5.127-->11111010.00110010.00000101.01111111
RED: 250.50.5.96-->11111010.00110010.00000101.01100000